10
82
5.71 9.89 8.81 6.62 0.31 6.16 0.4 9.58 7.56 1.56 3.38 0.57 0.25 9.03 0.84 6.42 0.37 9.06 7.54 9.84 2.53 3.38 0.34 7.56 3.1 6.03 0.79 4.34 4.48 7.68 4.22 4.67 5.78 8.83 8.14 1.73 6.57 8.77 4.77 7.73 3.51 3.91 6.6 9.64 0.58 6.59 8.42 4.91 4.6 6.2 4.11 4.82 1.12 1.85 5.64 7.49 6.31 0.72 8.8 8.87 6.57 0.17 3.54 8.31 6.04 9.22 8.85 1.52 7.44 2.46 2.46 1.14 1.04 0.16 8.68 5.2 2.12 8.78 0.74 7.03 7.3 4.5
45.88 94.99 84.6 56.98 2.7 56.81 3.81 91.25 62.19 14.46 30.21 4.68 2.01 77.26 7.03 54.81 3.3 76.32 61.11 92.02 24.95 31.5 3.22 66.12 26.54 60.07 7.04 40.47 38.9 68.3 40.21 45.91 57.56 72.79 71.01 17.08 58.81 71.42 46.9 67.88 30.12 32.91 63.01 85.9 5.1 64.8 73.0 40.47 45.32 59.27 33.26 43.14 10.94 17.65 52.56 64.94 55.06 6.38 76.92 82.09 55.44 1.7 31.34 76.27 59.22 92.13 88.05 12.76 70.48 22.95 20.44 9.65 9.66 1.36 85.18 49.36 21.18 80.48 5.98 64.44 65.92 36.37
45.92 13.16 70.13 81.48 25.23 27.48 58.21 5.8 61.25 23.02 71.9 21.41 74.87 80.48 63.86 16.92 48.66 82.4 92.33 72.71 32.43 25.09 50.46 85.62 86.15 81.8 9.86 84.86 5.67 40.71 24.1 21.76 55.61 99.32 5.01 78.65 1.1 58.85 98.48 61.84 81.08 86.15 60.71 28.98 52.4 49.02 80.85 56.84 10.94 69.5 88.82 15.91 27.96 51.18 80.17 10.4 23.41 40.57 82.91 17.85 64.37 38.84 3.95 52.25 26.16 98.58 95.97 76.81 28.43 2.33 84.73 6.47 12.59 57.11 96.81 70.75 78.03 40.24 99.96 3.0 54.62 16.6
29.56 31.19 3.19 1.63 44.69 75.94 98.82 99.69 66.67 45.84 53.96 82.1 32.43 18.48 78.41 4.37 45.35 19.5 73.0 69.3 35.74 93.13 75.1 85.05 36.61 1.11 14.96 67.2 53.86 63.27 20.32 45.77 84.18 30.58 99.15 93.24 4.01 97.72 80.71 77.34 36.75 40.26 54.38 57.86 63.81 88.75 98.99 5.2 29.03 82.99 82.47 69.4 72.9 62.13 54.89 69.7 82.28 57.4 53.42 66.27 33.08 46.66 51.94 15.85 46.79 56.02 80.99 93.78 62.16 13.08 26.57 74.62 4.22 17.78 94.4 92.72 83.89 16.94 48.21 77.05 9.32 29.83
97.51 58.56 2.04 41.5 10.5 96.55 83.06 32.14 20.48 36.3 63.34 21.54 20.3 86.05 16.73 86.49 51.49 42.03 36.01 87.56 37.1 6.04 71.07 2.93 89.77 68.1 66.7 76.63 79.73 47.66 52.34 8.66 87.23 74.3 58.23 87.42 99.41 64.75 40.58 9.47 51.53 98.01 23.98 79.66 48.57 12.92 59.42 24.16 9.26 67.41 40.03 25.51 59.33 4.45 83.6 7.92 66.68 91.16 20.84 61.96 8.11 58.75 75.0 22.48 1.18 63.01 20.77 24.71 47.08 17.25 49.83 37.36 17.21 10.87 72.11 24.65 39.49 47.22 2.26 21.59 36.91 51.74
84.92 71.35 59.38 91.89 45.19 22.48 74.19 86.28 9.8 34.36 53.17 41.44 90.79 16.14 55.29 61.23 14.98 43.06 42.32 77.74 66.29 13.05 99.47 19.18 65.32 45.82 31.08 1.94 21.75 33.68 1.21 79.43 58.08 77.08 7.4 74.11 81.71 4.68 80.45 51.11 72.43 11.91 70.12 10.93 32.45 87.13 51.15 94.31 41.68 55.4 8.58 55.77 74.49 39.35 41.69 54.69 90.3 2.5 83.63 45.77 76.14 44.83 38.11 12.05 35.13 16.51 3.48 46.24 65.63 16.85 45.0 65.61 33.7 50.19 81.94 80.52 11.04 99.48 1.57 47.48 57.7 40.64
30
4.48 2.84 2.42 4.7 4.29 2.5 3.28 7.43 8.64 6.28 1.28 2.68 9.42 1.14 2.64 9.24 4.17 5.28 5.24 9.3 8.93 6.65 7.08 4.68 8.1 1.73 3.49 4.75 2.52 4.45
43.7 25.09 20.88 38.01 40.55 20.49 27.48 69.65 71.88 55.95 12.26 23.67 91.21 10.58 22.56 77.21 36.01 51.61 46.76 76.89 83.81 54.85 66.53 41.29 68.72 14.87 28.33 42.5 23.1 42.75
2.9 20.07 92.52 36.36 31.37 9.69 65.85 2.12 33.34 97.31 44.78 39.99 71.07 2.43 97.09 83.6 17.47 86.61 11.26 61.01 3.59 70.69 1.08 77.16 60.91 48.28 2.62 9.72 71.71 32.4
10.79 44.4 74.57 85.15 37.55 4.65 63.7 85.23 37.14 6.94 54.67 14.39 7.15 82.18 69.48 29.17 85.31 76.89 12.71 80.69 40.33 21.95 7.0 18.34 85.91 70.04 60.56 13.76 36.37 23.43
44.65 83.73 95.63 53.2 98.36 73.16 39.05 37.36 25.16 50.29 75.78 64.62 18.59 5.92 52.25 46.45 59.45 11.95 5.77 44.08 33.79 91.78 41.26 62.14 87.03 96.61 97.74 33.36 9.13 58.49
28.51 54.25 16.36 74.43 39.81 34.97 30.23 97.76 62.29 2.72 20.45 56.96 53.92 23.03 33.49 83.19 9.21 88.49 16.35 71.13 96.22 52.23 78.29 55.83 98.01 41.1 7.06 44.83 39.21 66.1
83
4.11 5.19 1.67 2.41 2.49 2.0 5.75 8.62 0.37 3.19 5.81 1.71 4.93 3.21 3.56 9.79 0.04 4.09 9.92 0.19 4.26 2.18 1.18 6.77 9.92 1.96 8.5 2.45 6.8 7.59 8.07 5.89 0.94 2.67 2.15 1.68 9.69 9.25 6.81 3.21 8.29 4.07 5.02 4.49 4.89 4.31 1.6 4.06 5.54 9.79 6.45 3.77 2.55 9.91 5.84 0.49 3.24 9.16 8.83 4.4 9.21 4.79 6.9 8.49 6.3 9.39 1.34 8.45 2.79 1.89 6.2 3.49 4.94 0.33 5.81 1.12 6.87 7.4 3.23 5.87 5.32 4.13 3.57
97.54 80.75 39.76 83.48 34.58 1.54 9.62 33.68 19.09 91.26 5.72 35.73 78.93 94.92 51.01 26.16 3.11 87.29 46.74 97.03 23.24 9.34 85.58 66.02 96.29 32.75 67.81 59.61 0.51 18.21 70.25 73.84 19.2 46.88 24.18 17.22 25.56 1.69 4.29 53.11 62.59 83.32 11.13 8.11 66.83 0.17 8.29 25.1 97.55 34.36 67.12 7.36 76.52 85.02 55.29 74.98 51.13 7.69 49.37 48.43 34.84 74.63 86.41 25.62 12.15 97.66 28.57 47.44 88.07 97.08 84.58 25.85 81.11 41.69 32.39 71.51 52.66 42.92 38.73 22.13 3.58 54.65 43.69
91.58 48.76 87.68 21.91 14.91 65.12 20.45 94.77 43.14 67.72 59.05 4.37 0.93 43.24 95.19 1.59 25.25 99.61 97.87 8.78 13.0 78.95 8.0 95.79 70.88 16.53 17.61 22.86 31.85 99.16 20.63 85.41 10.67 65.92 88.21 29.52 82.39 76.86 96.43 62.71 19.3 40.04 70.89 41.81 8.67 50.03 32.6 22.74 29.42 41.43 11.51 43.2 50.38 48.35 77.53 97.02 89.85 23.96 13.74 96.12 99.41 89.82 87.75 67.93 62.77 90.67 57.94 2.38 49.54 10.92 84.1 82.09 56.89 81.12 34.98 70.24 79.36 93.1 85.92 25.47 53.21 86.52 32.25
80.33 97.52 17.17 71.54 14.53 15.25 46.41 36.36 21.89 99.14 42.64 56.73 37.29 63.76 26.23 49.47 0.2 69.55 57.57 65.12 41.62 51.2 24.81 15.05 85.75 63.54 94.91 66.13 46.79 37.2 23.63 48.34 63.79 83.37 97.93 40.97 33.58 57.86 57.1 70.09 74.5 54.18 58.32 57.88 57.08 0.34 81.01 82.84 26.97 29.78 23.53 99.94 55.0 14.88 63.6 63.76 56.9 74.54 78.51 29.75 31.37 52.18 21.87 63.58 61.29 12.44 81.72 94.1 73.35 36.77 71.24 74.91 92.87 18.11 35.96 58.62 51.84 85.16 16.65 15.22 32.15 74.81 45.62
12.79 66.2 88.21 38.23 99.37 8.75 59.95 69.0 21.43 87.5 94.31 17.38 35.73 90.87 28.89 17.75 51.85 86.86 20.74 33.12 12.98 88.02 95.81 7.37 70.32 32.96 94.66 5.45 54.76 81.98 88.19 58.85 98.94 20.38 27.72 14.81 92.52 15.9 91.29 44.51 45.0 40.19 71.09 48.57 19.98 21.09 78.95 28.05 79.85 2.08 83.16 24.92 5.06 75.93 32.54 47.64 24.47 3.82 42.43 56.4 3.19 23.86 72.43 84.41 59.84 85.08 49.77 0.15 16.74 65.77 87.84 63.82 75.43 75.98 84.77 27.05 40.95 77.31 6.78 91.65 25.47 22.36 45.91
37.44 48.55 13.98 20.78 24.24 19.06 50.11 81.96 3.13 30.13 51.09 15.52 46.97 29.94 32.11 89.99 0.36 37.68 80.45 1.67 41.21 18.43 10.65 57.73 86.96 17.03 82.51 24.15 64.32 70.06 77.32 47.89 7.7 24.89 18.46 15.46 82.7 76.98 62.31 31.31 82.6 39.31 41.85 43.27 46.61 39.99 14.3 34.18 53.87 80.23 57.25 34.2 23.84 81.76 49.38 4.22 28.62 90.32 85.83 38.47 73.9 44.77 62.3 78.59 50.74 86.45 12.55 67.82 22.52 17.28 52.31 32.48 45.86 2.79 51.43 10.35 64.29 70.67 31.86 51.45 49.2 33.51 34.2
44
8.55 3.56 7.27 8.11 2.25 1.61 3.95 8.15 9.11 2.89 1.16 3.95 9.65 2.06 9.67 3.53 7.47 2.46 3.28 1.03 0.03 0.73 0.85 4.62 1.89 3.79 4.07 6.22 7.54 8.23 4.79 9.68 5.79 9.47 7.72 2.14 7.5 4.63 3.14 7.32 4.3 7.5 5.12 4.57
73.45 67.04 30.74 81.81 28.88 11.11 97.81 85.27 14.74 83.63 8.44 65.24 46.21 27.63 12.86 21.47 29.69 73.71 46.74 37.11 24.09 24.3 13.21 62.1 66.12 61.92 64.03 97.58 57.23 13.59 17.98 52.27 54.29 79.9 31.94 56.99 71.13 23.64 31.42 68.82 91.77 5.75 98.62 74.94
45.78 71.56 39.33 79.78 72.85 47.36 32.72 76.34 78.85 87.51 10.39 3.61 79.96 59.41 35.91 83.75 5.54 27.14 17.84 79.25 4.31 89.33 98.93 60.12 96.51 40.66 23.98 30.87 85.82 16.68 89.86 58.73 54.43 83.04 2.26 6.83 83.08 28.69 26.69 93.43 25.44 5.72 98.48 80.38
47.7 32.29 82.92 31.08 41.34 16.58 56.09 42.93 60.14 51.89 7.5 80.2 50.52 66.2 75.43 95.37 49.67 69.02 59.42 83.64 44.91 53.1 3.81 41.04 29.16 15.55 27.15 50.36 38.16 77.17 87.42 9.32 49.09 53.2 8.13 19.73 97.84 88.86 27.38 70.7 45.04 20.56 56.48 99.3
83.37 34.69 66.56 69.89 21.09 13.6 33.86 79.93 76.52 28.66 10.67 33.3 80.89 18.88 89.5 30.12 68.71 19.84 31.57 9.54 0.3 6.92 8.02 45.89 16.75 30.71 36.68 54.39 72.24 79.32 40.37 83.82 50.8 76.16 67.13 20.01 68.56 42.9 25.47 66.15 37.96 61.38 42.81 43.64
36.7 58.68 73.5 61.44 60.03 35.72 98.82 66.98 22.12 65.7 97.85 90.23 86.91 54.09 4.13 13.7 53.94 65.33 6.71 62.64 8.61 34.44 48.32 71.45 17.98 0.77 6.14 7.35 64.02 13.93 38.13 91.03 85.21 17.69 63.88 34.56 76.31 72.53 22.18 60.5 66.68 20.62 99.67 89.43
85
3.35 5.51 7.3 8.12 9.31 3.29 6.86 0.66 3.06 7.87 4.62 9.73 9.09 1.73 5.93 7.44 4.35 0.83 8.69 1.66 1.18 7.01 6.21 9.2 9.63 5.67 5.1 3.55 3.19 0.27 3.34 5.04 8.25 4.66 0.58 9.83 2.16 0.38 9.42 6.41 3.15 5.34 5.0 9.8 1.24 8.8 8.96 5.24 7.88 0.85 2.36 7.48 8.52 1.14 3.36 6.93 8.83 4.03 3.72 4.31 5.65 3.41 7.56 7.2 4.24 3.54 4.0 7.82 9.58 9.44 7.95 8.41 4.5 0.52 5.87 6.9 8.26 8.48 9.31 9.73 6.64 4.07 4.79 6.79 9.31
12.35 79.64 97.48 2.84 38.37 5.14 99.91 51.48 89.97 25.56 73.96 56.64 79.33 17.59 90.39 62.14 31.4 59.42 76.37 9.59 76.37 86.23 31.13 1.01 51.54 83.58 25.5 31.82 86.15 97.63 23.18 46.04 88.84 34.78 36.67 30.79 65.49 79.63 30.24 75.71 83.74 24.58 86.08 98.67 56.5 80.83 60.88 58.25 6.54 78.38 26.31 55.79 77.55 21.37 27.74 54.89 35.38 32.8 93.08 11.19 62.88 97.06 24.35 65.59 66.12 55.36 18.51 55.86 37.0 79.46 72.55 54.25 57.13 81.3 74.18 64.65 62.84 74.83 67.96 82.92 61.6 66.48 78.12 22.08 10.83
86.02 54.36 27.99 12.74 60.38 25.89 11.75 29.49 53.23 22.12 91.41 18.53 61.81 54.68 22.14 47.84 83.62 76.43 28.37 6.23 34.54 64.6 3.38 41.49 95.06 10.81 48.19 12.98 20.73 54.7 64.31 78.09 40.69 25.73 77.38 91.96 19.4 64.34 19.94 61.73 88.7 14.86 56.09 61.65 99.1 72.69 59.94 71.25 24.6 42.87 31.25 48.05 63.95 68.97 62.71 37.81 60.96 21.78 35.81 46.12 45.58 66.59 43.31 10.49 47.67 18.1 19.46 80.94 66.34 40.62 21.1 53.96 55.51 88.13 14.84 88.21 92.51 96.13 55.78 31.37 64.14 4.07 4.72 68.24 56.75
62.61 27.2 97.85 17.53 36.24 36.73 22.01 46.23 48.2 1.58 46.41 78.5 81.56 33.99 46.84 86.39 46.25 12.55 68.08 56.22 89.11 99.58 8.91 97.15 23.24 70.92 90.87 74.53 54.43 52.41 14.94 49.0 75.79 11.31 92.34 11.67 13.93 92.71 1.29 28.31 63.86 71.73 61.9 68.59 34.82 58.12 11.9 51.1 4.01 59.94 54.34 82.75 83.39 65.97 84.38 90.83 90.6 81.48 44.95 14.33 62.82 85.73 36.73 75.05 55.28 30.52 72.24 50.13 28.28 70.31 87.23 72.5 7.46 65.91 38.03 30.76 58.45 0.54 60.57 68.41 27.06 32.73 45.64 71.73 93.05
28.09 52.09 59.47 77.61 92.48 27.71 65.18 5.71 30.48 70.8 42.21 90.36 82.29 14.04 53.92 69.61 42.19 7.28 86.47 16.4 11.33 68.21 53.75 82.17 94.74 55.25 42.15 33.34 31.78 2.33 27.49 49.38 70.66 41.47 5.28 85.25 20.36 3.32 85.64 56.14 30.8 46.89 47.83 87.79 11.48 84.71 77.28 45.23 76.31 7.77 21.38 61.78 83.54 9.77 28.08 62.19 86.15 35.62 34.38 37.61 50.59 33.39 74.86 60.48 35.09 28.91 33.74 64.8 87.54 80.65 67.82 83.77 36.29 4.19 47.64 58.79 72.58 70.59 80.05 91.01 59.47 34.77 41.96 62.3 83.67
91.52 75.65 30.92 27.87 22.72 0.53 3.28 73.6 18.5 51.5 44.34 64.12 81.17 93.97 61.06 29.44 76.26 13.85 0.93 31.06 25.06 35.07 66.06 24.52 95.31 46.92 99.01 3.44 90.17 53.68 45.19 0.7 58.58 77.28 37.99 13.92 37.88 63.35 42.96 99.52 6.87 43.85 12.88 29.35 76.82 91.8 34.4 90.92 19.85 33.61 64.42 15.29 70.44 78.89 99.09 92.57 60.77 67.17 90.25 96.63 88.88 43.25 70.5 24.37 10.57 90.73 16.84 99.96 74.65 33.2 87.35 5.41 73.11 32.92 0.29 37.06 76.62 3.47 29.46 36.29 84.16 37.18 45.03 14.0 100.0
21
4.79 0.06 6.06 1.23 2.08 5.95 7.29 8.42 9.05 1.5 2.3 6.0 4.75 5.89 0.01 6.84 0.89 2.84 4.23 2.79 9.7
26.08 24.77 26.12 85.34 85.18 78.28 81.37 22.94 8.75 1.76 99.82 15.74 48.82 88.52 32.75 98.34 24.1 58.4 84.03 8.09 70.43
47.85 0.55 54.84 11.43 17.29 56.76 60.37 77.87 81.33 14.79 21.12 50.04 39.03 48.63 0.09 57.33 8.21 26.84 34.8 23.79 79.54
56.52 5.17 35.69 81.36 57.74 33.94 33.4 18.45 36.12 6.73 93.03 18.61 57.98 90.91 64.99 87.19 5.3 49.75 62.8 52.16 78.78
66.27 66.33 27.96 2.93 20.16 61.98 61.46 72.4 94.13 94.17 40.31 28.51 30.73 64.2 40.89 33.99 17.23 39.11 32.68 23.88 27.47
36.86 28.58 71.56 32.02 68.03 0.16 15.56 73.07 73.16 3.92 84.52 27.9 96.07 80.0 93.55 79.26 93.95 35.33 7.85 64.33 13.68
31
1.27 5.59 1.23 9.19 0.57 1.14 7.26 9.57 3.18 0.64 0.91 5.65 7.81 9.45 8.18 5.91 7.12 1.69 0.02 9.66 6.89 2.58 2.61 5.24 6.78 3.18 7.57 2.93 1.07 5.15 6.45
37.72 37.25 88.75 34.83 39.67 54.89 33.31 59.83 82.36 40.84 20.36 28.96 60.59 23.16 44.41 93.39 41.93 50.77 72.01 25.4 64.65 8.39 86.33 39.99 83.24 36.09 81.63 53.09 13.91 86.2 72.58
65.02 14.29 40.48 78.55 2.2 43.63 49.78 94.85 49.06 15.84 80.12 84.5 23.47 11.3 51.87 48.17 36.03 43.91 98.13 74.64 99.06 56.65 21.2 59.35 56.39 93.51 0.16 43.1 97.63 23.92 95.78
10.23 48.34 10.69 80.55 5.0 10.04 60.58 89.47 29.89 6.29 7.93 54.07 70.24 88.3 72.55 57.24 60.48 16.21 0.17 89.76 67.99 20.78 22.32 52.3 58.27 26.46 69.31 25.53 9.51 50.3 53.49
81.88 56.7 25.39 44.76 88.8 97.96 12.53 90.29 58.13 53.32 59.04 54.38 59.43 81.05 45.8 60.91 38.22 75.26 33.27 85.0 84.33 74.76 49.36 86.56 37.7 52.42 32.54 40.23 50.86 60.71 68.66
89.61 51.21 42.34 99.7 74.36 80.6 85.48 51.69 55.86 24.36 29.12 1.8 88.3 24.18 25.95 51.75 48.39 7.88 84.43 5.85 32.35 64.26 41.51 58.13 24.08 42.92 17.14 50.73 46.18 8.99 8.77
16
3.47 4.27 2.3 4.04 4.2 0.32 5.55 3.02 4.74 1.06 0.58 7.9 6.01 2.51 4.29 2.4
67.16 20.53 74.44 8.64 38.99 66.46 38.9 33.31 72.6 53.68 47.39 36.0 48.54 25.55 56.19 46.53
31.29 34.55 20.75 34.61 37.2 2.78 48.41 25.89 46.18 9.52 5.32 77.1 57.41 23.72 35.45 22.43
52.34 23.67 91.3 20.3 22.43 83.82 99.43 28.1 41.25 94.96 60.13 66.64 68.62 13.77 64.76 74.07
80.74 46.85 44.03 60.53 56.62 33.74 15.72 43.16 53.01 21.47 89.41 59.78 64.02 64.04 14.93 3.29
23.74 84.91 98.2 67.92 37.83 49.36 76.47 79.13 98.84 36.96 30.71 33.26 48.15 24.97 23.15 52.39
74
1.57 9.31 2.74 4.76 9.38 7.45 8.56 4.45 5.63 5.17 9.25 3.48 2.26 8.25 9.56 3.97 2.05 7.35 9.77 0.05 6.82 3.19 5.72 8.16 2.59 6.89 3.27 3.42 0.37 3.05 4.04 8.25 9.14 3.9 2.16 3.56 5.6 5.13 4.97 5.6 7.19 6.01 4.62 4.48 6.42 0.31 0.87 7.31 4.27 8.36 5.13 5.36 6.99 1.47 0.87 9.08 7.68 7.0 4.66 2.41 7.64 4.62 0.91 2.96 1.44 2.91 5.79 5.51 6.66 8.73 1.79 9.24 7.26 0.98
84.31 50.09 11.48 6.63 57.04 2.53 40.9 38.25 94.56 66.26 88.47 51.9 7.09 14.75 70.02 57.18 83.55 9.03 83.96 68.39 31.95 57.16 4.32 41.26 28.76 8.11 31.01 46.41 28.88 94.01 35.28 94.82 39.91 30.64 54.96 64.32 7.73 9.08 56.19 69.74 78.37 83.3 45.03 61.01 80.2 8.06 24.65 64.97 24.85 48.61 90.52 28.45 35.0 96.48 55.55 91.28 49.79 42.63 2.9 82.9 60.34 46.71 66.56 91.8 57.15 91.73 76.94 80.55 72.06 79.68 29.95 40.27 90.99 13.51
8.55 55.68 74.92 55.61 70.69 35.66 54.25 72.32 10.97 36.54 90.88 80.03 2.38 39.26 22.17 31.25 91.06 64.76 54.71 87.68 83.9 94.9 64.34 86.05 89.19 91.15 65.15 52.74 86.22 70.28 24.54 16.12 25.75 47.78 38.01 39.96 19.93 90.91 69.69 25.37 66.47 7.65 27.07 3.97 27.96 5.2 82.11 84.86 43.94 62.53 92.15 7.28 26.89 46.32 66.29 34.54 78.21 39.41 39.27 43.11 77.99 97.8 35.7 0.48 13.99 33.7 7.73 67.84 2.07 3.05 34.8 85.66 76.1 18.92
14.34 87.06 23.42 43.38 88.37 70.0 78.28 35.67 46.59 49.76 88.7 30.56 21.83 82.37 78.03 37.64 16.69 68.3 88.01 0.49 66.21 28.72 47.27 74.8 22.49 65.27 32.54 31.12 3.52 24.67 37.25 80.21 79.96 35.38 20.9 30.74 49.65 50.71 40.1 55.66 63.41 54.84 42.32 42.72 52.65 2.73 8.68 72.19 41.14 79.44 46.95 45.63 60.05 14.46 8.36 90.57 64.14 57.1 46.19 19.98 61.35 43.8 8.37 24.92 13.04 27.22 57.31 53.78 57.16 83.83 17.89 83.67 68.96 9.68
27.7 24.62 83.45 58.82 80.11 78.9 29.25 15.66 57.37 96.84 67.77 65.42 34.13 37.32 91.28 48.83 51.93 71.29 44.3 14.72 18.07 35.22 55.2 78.84 66.89 8.72 66.84 99.11 29.05 65.94 79.15 34.63 3.9 23.51 15.1 91.69 72.95 99.3 15.12 22.0 98.17 20.18 22.95 60.01 16.42 97.52 48.72 80.21 89.01 39.01 28.02 7.03 62.24 41.91 56.74 32.54 75.01 90.68 66.96 37.52 19.46 37.7 59.65 48.98 74.67 69.01 99.94 89.66 0.26 59.69 99.2 16.74 92.57 67.0
78.34 25.95 60.61 98.69 62.45 44.53 30.74 2.38 63.99 83.67 67.51 59.55 68.76 21.79 29.66 69.11 61.88 43.31 4.92 3.68 50.12 67.61 70.36 23.05 99.57 96.98 7.53 60.34 5.46 17.0 63.03 12.26 73.66 89.02 85.83 39.36 0.19 87.23 70.87 13.41 77.8 94.92 38.02 6.57 29.31 99.33 87.15 75.19 6.6 91.95 77.52 58.12 34.84 45.16 60.05 14.64 80.83 2.17 83.53 13.78 77.51 9.51 90.16 43.15 23.63 15.62 15.49 97.58 23.68 19.59 48.21 64.08 36.98 8.17
82
5.57 0.78 7.42 0.05 8.46 9.7 8.0 3.49 5.72 0.51 3.52 8.76 4.14 6.11 9.92 8.77 1.78 9.68 2.51 9.52 3.19 7.21 8.85 4.85 4.31 5.28 1.17 9.79 7.66 0.54 3.21 1.52 9.32 2.84 3.95 1.72 4.76 7.58 3.08 1.32 8.89 2.3 1.97 8.66 6.07 6.21 8.35 5.47 2.44 6.42 6.36 1.42 9.97 1.19 6.08 7.74 2.02 0.36 9.5 6.3 8.05 4.87 7.52 3.71 1.74 1.45 3.95 8.41 1.09 4.38 4.43 6.66 5.08 6.17 2.66 1.21 9.58 6.19 1.62 5.18 1.83 8.25
88.81 47.31 85.04 95.61 71.06 75.89 48.65 81.68 61.11 34.5 61.24 48.52 0.65 16.92 53.65 37.61 6.08 27.64 44.53 88.83 71.82 2.78 8.99 51.25 73.67 87.94 40.45 77.47 1.36 47.24 93.37 61.14 14.18 27.57 33.88 96.94 0.62 42.27 35.36 93.85 71.08 3.19 90.0 42.75 87.93 86.41 39.06 0.26 87.36 81.27 43.83 56.02 45.61 75.86 35.81 60.94 82.52 91.16 75.23 56.19 27.21 26.01 22.75 30.04 53.87 0.98 31.45 29.04 4.27 40.57 29.88 84.86 9.9 80.64 10.4 70.52 23.23 3.28 92.47 89.68 25.61 16.73
49.28 7.75 65.82 0.42 75.43 91.39 72.73 34.81 46.53 4.23 29.87 85.12 38.21 58.22 79.85 84.12 15.83 96.62 22.68 85.72 29.57 58.67 83.84 46.58 42.14 45.06 10.22 88.09 71.92 4.34 32.04 13.39 81.73 27.64 37.0 14.29 42.16 74.29 26.21 11.5 76.6 22.29 15.87 83.69 60.53 61.37 79.99 51.2 23.88 54.02 60.82 14.1 82.2 9.64 51.98 63.15 19.69 3.11 85.85 55.34 65.8 45.77 72.3 31.1 15.54 12.23 38.54 67.9 9.54 38.87 35.56 60.56 44.3 59.79 24.28 10.79 93.47 50.69 13.79 45.29 16.76 75.54
57.49 2.17 15.52 11.97 46.16 30.85 16.42 53.25 61.38 71.82 11.99 56.49 71.29 27.68 36.62 33.01 34.62 4.58 17.26 21.98 45.04 46.74 96.55 2.2 13.57 25.83 81.13 18.35 23.01 23.52 46.93 51.96 28.95 46.18 91.56 69.45 60.2 15.02 9.02 37.57 46.52 83.79 44.94 3.45 84.88 16.92 96.24 71.33 57.38 92.84 10.08 57.15 19.57 53.01 49.76 88.97 27.96 75.6 64.89 32.22 14.63 24.42 46.68 73.24 6.42 18.69 87.98 29.34 22.79 25.61 46.67 94.09 2.24 43.98 57.92 37.95 65.3 59.76 50.71 66.95 74.28 60.71
54.35 41.4 35.43 95.88 58.3 98.73 24.88 73.59 42.01 30.07 76.98 67.71 50.5 42.18 58.62 97.07 64.16 41.24 21.75 28.0 66.28 42.05 43.64 6.57 63.55 37.08 55.65 48.59 25.74 94.48 80.67 87.43 19.25 71.88 7.46 90.22 12.48 4.12 71.43 43.92 11.85 7.31 69.91 16.18 78.03 83.85 76.5 66.65 96.28 30.33 98.99 3.46 60.8 88.91 59.53 62.9 2.2 22.82 2.23 3.33 74.08 50.28 33.48 7.81 68.81 58.19 34.98 85.46 5.93 45.77 73.11 14.38 99.11 48.01 66.53 80.12 44.72 94.65 88.7 22.79 5.29 24.48
45.8 88.92 15.47 58.03 62.22 14.45 5.36 70.97 28.7 96.55 80.56 71.29 30.04 11.33 53.93 61.75 77.73 78.82 42.27 46.68 23.61 76.7 90.73 74.88 79.25 9.89 76.82 75.91 4.11 32.91 56.38 88.07 32.19 42.61 19.88 15.74 16.66 77.3 95.48 63.61 13.0 25.75 61.64 1.33 32.97 39.89 27.04 4.86 2.97 58.26 46.02 80.27 1.63 1.22 97.8 7.1 42.9 79.46 65.84 38.84 57.21 19.72 57.98 57.15 6.06 76.23 75.85 24.52 11.37 85.61 84.1 62.82 53.08 43.76 29.69 86.65 67.58 12.73 88.5 85.33 62.45 75.3
