-0.4543,-0.1905
-0.3254,-0.0374
-0.3525,-0.2385
-0.2526,-0.2292
-0.5227,-0.0663
-0.5387,0.0754
-0.2480,-0.0905
-0.3670,0.1364
-0.3405,0.0935
-0.2538,-0.0735
-0.2495,-0.1401
-0.2639,-0.1768
-0.2245,-0.3196
-0.2899,-0.1888
-0.5015,-0.0203
-0.3108,-0.0593
0.5620,-0.3816
0.4898,-0.0922
0.5829,-0.1505
0.5783,-0.0391
0.5348,-0.0250
0.6990,-0.0957
0.7702,0.1818
0.7886,-0.0376
0.6919,-0.1746
0.5943,-0.2517
0.6491,-0.2084
0.6292,-0.1596
0.6454,-0.1061
0.7222,-0.1430
0.9073,-0.0843
0.6773,-0.0405
0.6196,-0.2693
0.5704,-0.2811
-0.5119,-0.0566
-0.3985,-0.3789
-0.4705,-0.1637
-0.4113,-0.2042
-0.3696,-0.0460
-0.5496,0.1425
-0.2560,0.1126
-0.4070,0.1953
-0.3773,-0.0995
-0.3766,0.0532
-0.3248,-0.1773
-0.4542,-0.2674
-0.2520,-0.0705
-0.4368,-0.2801
-0.2877,-0.1374
-0.1537,-0.0184
0.6499,-0.2431
0.5485,-0.2091
0.6290,-0.1132
0.4573,-0.1119
0.5939,-0.1146
0.6461,-0.0413
0.6852,-0.0177
0.6660,-0.2069
0.6438,-0.1030
0.7216,-0.1462
0.7821,0.0181
0.6574,-0.1654
0.4942,-0.0630
0.6992,-0.1899
0.8030,-0.1010
0.5731,-0.3399
0.3443,-0.1075
0.6956,-0.3008
-0.4168,-0.2988
-0.6275,-0.2123
-0.5185,-0.1653
-0.3484,-0.0624
-0.5146,-0.0826
-0.4510,0.0553
-0.3424,0.1525
-0.3305,0.0728
-0.3526,-0.1766
-0.4178,0.0052
-0.2228,-0.1331
-0.2292,-0.2255
-0.2480,-0.3354
-0.1324,-0.0846
-0.3727,-0.2758
-0.3484,-0.0317
0.7174,-0.1805
0.5872,-0.2839
0.7124,-0.3818
0.7472,-0.1916
0.6763,-0.1927
0.7590,0.1718
0.7424,-0.0602
0.7538,-0.0571
0.6735,-0.0402
0.7276,-0.1510
0.5996,-0.2488
0.8765,-0.1024
0.6202,-0.1557
0.5798,-0.0257
0.5948,-0.0460
0.7670,-0.2846
0.6734,-0.3075
0.6848,-0.2303
-0.3172,-0.3849
-0.4513,-0.1475
-0.3024,-0.1552
-0.4483,-0.0761
-0.3767,-0.0590
-0.5969,0.1198
-0.3254,0.0002
-0.3749,0.1139
-0.3752,0.1205
-0.5152,-0.0634
-0.4749,-0.0675
-0.3073,-0.2756
-0.3433,-0.2582
-0.4945,-0.3384
-0.4591,-0.2048
-0.2563,-0.0495
0.6021,-0.4371
0.5811,-0.4081
0.6619,-0.2023
0.7173,-0.1824
0.4760,-0.2189
0.8262,0.0699
0.7171,-0.0287
0.7064,0.0505
0.9079,0.2367
0.7932,-0.1053
0.6756,-0.0713
0.6593,-0.2968
0.5723,-0.0411
0.5625,-0.1439
0.7655,-0.0006
0.6768,-0.0629
0.3471,-0.2230
0.5810,-0.2589
-0.3667,-0.1363
-0.3655,-0.0400
-0.4738,-0.0927
-0.5235,-0.1787
-0.4206,-0.0998
-0.4794,-0.0741
-0.2850,-0.0108
-0.5221,0.2128
-0.2498,0.1053
-0.1419,-0.0881
-0.2206,0.0053
-0.2465,-0.1443
-0.4160,-0.0318
-0.4294,-0.3128
-0.2529,0.0194
-0.3993,-0.1452
0.4452,-0.3263
0.4951,-0.1206
0.6637,-0.1688
0.5755,-0.0766
0.6291,-0.1669
0.7046,0.1820
0.8945,0.0081
0.8061,0.2240
0.5116,-0.1668
0.8646,-0.3256
0.8493,-0.2602
0.6403,-0.1850
0.5739,-0.0172
0.7554,-0.1412
0.6450,0.1820
0.6373,-0.1540
0.7685,-0.1256
0.6240,-0.3102
-0.2364,-0.0938
-0.5208,-0.3307
-0.5132,-0.1228
-0.2944,-0.0637
-0.5216,-0.0150
-0.5667,0.1813
-0.4185,-0.0012
-0.3108,0.4077
-0.2642,-0.0434
-0.2842,0.0542
-0.3542,-0.1059
-0.4014,-0.2557
-0.2158,-0.2870
-0.1367,-0.1059
-0.1571,-0.1309
-0.1209,0.1823
0.5934,-0.2307
0.6380,-0.3035
0.5595,-0.1971
0.5712,-0.1101
0.5445,-0.0895
0.6254,0.0748
0.8006,-0.0020
0.7816,0.0285
0.6064,0.0602
0.7539,-0.1711
0.9749,-0.1676
0.6803,-0.0242
0.6840,-0.2090
0.4451,-0.0507
0.6136,0.1163
0.6319,-0.2497
0.6480,-0.3140
0.6849,-0.3945
-0.5837,-0.3349
-0.4730,-0.2188
-0.5275,-0.4036
-0.5397,-0.3204
-0.4200,-0.2206
-0.2808,-0.0118
-0.2969,0.1863
-0.2605,0.0631
-0.1896,-0.0580
-0.2041,-0.0731
-0.4255,0.0889
-0.3044,-0.1858
-0.3212,-0.2351
-0.1347,-0.1551
-0.2935,-0.2506
-0.3434,-0.2644
0.6566,-0.4727
0.3819,-0.1163
0.3382,-0.2279
0.5343,-0.2156
0.7163,-0.1043
0.7006,0.0142
0.6840,0.1014
0.7311,-0.1582
0.9363,-0.0851
0.8571,-0.0872
0.6746,-0.3058
0.6529,-0.4236
0.6450,-0.1202
0.6964,-0.0671
0.5716,0.2178
0.4040,-0.1577
0.5751,-0.2007
0.8168,-0.2978
-0.4851,-0.1175
-0.2973,-0.2038
-0.3377,-0.0221
-0.3910,-0.0910
-0.4693,0.0403
-0.4276,-0.0010
-0.4432,0.0852
-0.4303,0.0211
-0.2392,-0.0659
-0.2153,-0.2589
-0.0867,-0.2793
-0.3615,-0.1802
-0.2761,-0.2902
-0.2230,-0.2820
-0.1694,0.0388
-0.4256,0.0594
0.4673,-0.3124
0.5664,-0.1411
0.6207,-0.3058
0.5391,0.0524
0.6700,-0.0813
0.5035,0.0708
0.8164,0.0657
0.8326,-0.1043
0.7921,0.0108
0.8523,-0.1050
0.7696,-0.2748
0.7312,-0.1988
0.4949,-0.2649
0.5611,-0.1129
0.5491,-0.1968
0.5294,-0.2144
0.6383,-0.2207
0.5733,-0.1379
-0.4562,-0.2554
-0.3774,-0.2959
-0.4532,-0.1920
-0.4669,-0.2530
-0.4122,-0.1311
-0.4767,0.1689
-0.4484,0.0794
-0.3313,-0.0140
-0.3519,-0.0141
-0.1393,-0.1332
-0.3178,-0.2073
-0.3982,-0.2290
-0.3500,-0.2990
-0.2072,-0.1695
-0.2282,0.0605
-0.4560,-0.0570
0.6301,-0.3047
0.6129,-0.1510
0.7962,-0.1093
0.6025,-0.0926
0.7869,-0.0781
0.6330,-0.1166
0.6748,0.0800
0.8791,-0.0623
0.7354,-0.0813
0.6903,-0.2153
0.6325,-0.1540
0.6607,-0.2498
0.5949,-0.2016
0.7945,-0.2237
0.6091,-0.1487
0.6942,0.0243
0.6238,0.0116
0.2982,-0.3483
-0.3238,-0.2495
-0.3524,-0.2086
-0.4977,-0.2353
-0.7272,0.0468
-0.5540,-0.0104
-0.3690,-0.0503
-0.2669,-0.0583
-0.3837,0.0759
-0.1862,0.0027
-0.3328,-0.2036
-0.2936,-0.0692
-0.4426,-0.2014
-0.1723,-0.1216
-0.3615,-0.2068
-0.5653,-0.0462
-0.6299,-0.0925
0.6466,-0.2681
0.5997,-0.1170
0.6047,-0.0503
0.5268,-0.1437
0.5883,0.1725
0.6243,-0.0125
0.7070,0.1404
0.8273,-0.0104
0.7779,-0.1309
0.6470,0.0164
0.6480,-0.1705
0.8287,-0.2496
0.4282,-0.1628
0.6564,-0.0493
0.6923,-0.0436
0.6221,-0.1459
0.5122,-0.2161
0.6059,-0.3423
